6901
6802
5410
5416
5504
5535
5418
5415
5838
5962
6169
6181
5526
5255
9615
6059
3298
4368
3766
7317
9290
5133
5322
6335
6701
6919
6945
9649
9802
9741
4857
3798
6240
4077
3787
10096
10163
9064
9345
9518
9960
9825
9848
9963
5980
7087
7734
4244
9726
9704
7604
9068
9146
9266
9283
3027
3454
5266
7082
8412
2557
5611
8809
9314
9480
1765
1897
3668
4122
4241
5265
5839
6321
6967
8680
8750
8915
9173
9325
9324
5865
5903
5902
6106
6202
6781
7171
7251
7299
8005
5334
5995
6115
6219
6460
6891
6972
7624
7991
8666
6815
8914
8957
9178
9595
9866
9954
1062
2867
3519
2963
7414
9564
960
970
4374
9294
9293
9053
6192
7477
5872
4390
2919
4487
5257
5506
5518
5699
5761
5786
5970
6140
6151
6680
4824
8712
9834
9843
6332
7361
9478
5827
7071
8939
9071
4819
5414
7203
7716
8628
8629
8670
8788
9577
7022
8615
9005
9548
4772
3855
4163
5648
7519
8442
9879
4433
4666
4667
4740
9867
2750
3718
5505
8289
5021
2646
4293
4739
8829
9207
9512
3608
9074
9073
9413
9421
9650
9837
3346
8631
3142
3818
8112
9840
3001
8439
9760
2076
3724
5509
5569
5887
5934
6540
8227
8555
10054
5134
2170
7747
8774
9002
9189
4807
9992
2185
5731
7259
7416
7729
7799
8537
9686
9915
9952
5086
2218
4615
1733
1932
7185
7307
7732
7794
9321
9792
9800
4321
1735
1831
6638
7028
7241
7497
7758
8402
8463
8644
8673
9521
9794
9916
2428
7459
7863
7882
7877
7933
7966
8359
8811
8834
9388
1448
5467
8485
8960
9360
1504
3168
3356
4401
4416
4730
9957
9922
1692
2338
5661
5733
5768
5891
5920
6288
6445
7044
7200
7207
5612
7379
8127
8738
8791
9384
9997
4852
9908
1245
5323
5392
5543
5840
6145
6297
6362
6403
6851
7054
5378
5397
5379
5433
5431
5432
5458
5246
5490
5466
9786
9531
4543
9029
9619
3684
3966
4232
8032
3631
3807
5032
4162
4516
5380
5734
7327
8060
8171
9141
9159
9941
10062
4976
8210
3382
9731
3971
9967
3904
5779
7690
8446
8793
9672
9816
3737
4482
4296
7053
3579
9442
2858
3459
3794
4169
4201
5395
5413
5598
5674
5693
6023
5937
6143
6429
6763
5452
5969
8981
5085
2925
3099
3199
5697
5792
5812
5808
6053
5953
6076
6108
6182
6308
3214
4488
6286
10132
5169
7399
8406
7323
7005
7104
7034
6841
4915
9853
5119
6848
4633
6692
6694
9836
10094
3792
6482
7830
4352
7706
4161
7539
2920
2645
4626
10077
10103
3310
4046
4047
2073
7646
7647
7648
9944
2013
2788
3799
4222
7485
8765
9556
9557
1895
2985
7016
9326
9406
9461
5013
5015
1930
1987
3786
3984
5341
5719
6456
6627
6735
6777
6798
6856
6896
9676
7433
9918
2004
3843
6720
2520
7710
8256
9027
2539
2820
3004
3841
6457
6542
6626
7072
7090
7191
7312
8539
9400
9966
6177
8705
9182
2501
2519
2556
2705
2927
3197
3376
9301
2507
2545
3032
3405
3976
4003
4304
5350
5419
5440
5454
5495
5562
5580
5584
5622
5861
5746
5787
6031
6340
6706
6704
6762
6873
6916
6979
40
1850
4467
9111
8429
8290
9339
8399
5173
5243
5299
8321
9973
5484
6811
7197
7555
8507
7111
9462
3183
4529
6718
4905
5106
3040
4343
7943
3130
6464
6441
7921
2354
6385
6466
6436
7388
8541
8608
8740
9164
9440
9533
6439
7419
7884
8142
8496
9363
4889
5080
1942
2537
6162
8138
9001
1982
2243
3074
3365
4474
4515
4531
6516
6949
9573
2555
3678
4197
4245
4262
4726
5496
5537
5819
5867
6001
6568
7176
7383
8542
8552
5955
8419
4909
864
1285
3372
5238
1602
4246
5405
5492
5660
5613
5999
6374
6731
6730
6881
7161
5364
5665
5682
5707
5724
5963
6113
6334
6342
6458
7001
8709
710
6097
6880
7762
7756
7782
7818
8071
9562
9592
1340
5374
5521
5577
5868
6073
6238
6341
6509
6552
6711
5563
5641
5709
5717
5788
5811
6052
6620
7102
7303
5589
5669
5750
5895
5972
5716
6038
6096
6167
6329
5428
5448
5485
5513
5603
5635
5801
5883
6168
6210
5370
5472
5547
5659
5775
5912
5941
6010
6013
6047
5488
5668
5565
6015
6124
6213
6290
6480
6577
6562
5437
5647
5686
5794
5844
5874
5943
6026
6045
6271
5881
5945
6224
6343
6358
6758
7324
7717
8001
8156
5579
5582
5726
5949
5923
6928
7456
7678
7720
8427
5263
5507
5576
5609
5777
5798
5879
5929
5916
5982
5337
5445
5411
5636
5710
5991
6171
6328
6614
6931
5476
5511
5567
6082
6149
6175
6420
6411
6631
6981
5356
5426
5469
5587
5862
5860
5875
5964
6029
6228
5345
5264
5317
5412
5478
5642
5671
6126
6170
6373
5763
5882
5942
5751
5958
6003
6241
7079
7499
7516
5475
5843
5901
6245
6242
6467
6606
6672
6708
6734
5346
5561
5644
5753
5848
5994
6067
6188
6198
6212
5321
5315
5516
5530
5591
5652
5670
5680
5681
5705
5301
5553
5590
5714
5752
5910
5956
6063
6201
6243
5536
5712
5802
5913
6049
6134
6326
6407
6483
6667
5331
5384
5595
5662
5723
5791
5911
5922
6071
6187
9315
10005
8719
9144
8308
7788
7835
6934
5625
5833
9114
8568
4064
4325
6382
6703
3973
8233
4103
4722
7685
8364
9482
4445
6987
7481
9530
4378
5222
4251
5499
6236
6339
7038
7429
8006
8069
8162
9664
10085
5343
5349
5363
5404
5558
5678
5767
5766
4402
5900
7897
1228
4250
5340
5551
5605
5703
5894
6025
6371
6752
6796
6926
8905
7823
9302
7219
7220
8584
6837
7981
9700
4098
5653
6693
2378
2398
6745
4838
2092
3700
4639
1436
5554
5925
6118
7319
7344
8263
9000
9450
9690
4832
8130
9329
10000
687
3538
4088
4438
5171
4758
6548
1299
1327
2685
5640
5828
6383
7269
8160
8556
8958
9099
9472
553
5447
5754
5899
6973
8178
8197
8609
8855
9017
9393
5764
6478
6486
7825
8022
9185
9357
9858
9988
9999
603
7226
9122
9575
9746
9810
962
1055
3985
4519
7528
7587
1655
1697
1716
1740
1853
1889
1958
8668
9190
4520
461
483
586
606
636
639
663
